Dataset,Strategy,Budget,Hamming Loss,Exact Match,F1-score,Execution Time (s),Memory Usage (MB),Queried Instances,Queries per Second,Query Rate,Drift Points,Number of Drifts
flags,NoQuery,,0.3161764705882352,0.08823529411764706,0.659499140565317,0.368114709854126,0.953125,0,0.0,0.0,[],0
flags,FullSupervision,,0.282563025210084,0.08088235294117647,0.690559746625923,4.46134090423584,0,136,30.48410845960554,1.0,[],0
flags,Random,0.1,0.2783613445378151,0.11764705882352941,0.7018740450725744,0.9422290325164795,0.05078125,13,13.797070087386244,0.09558823529411764,[],0
flags,Uncertainty,0.1,0.305672268907563,0.10294117647058823,0.6681242572786691,0.7143054008483887,0,13,18.199498400207744,0.09558823529411764,[],0
flags,QBC,0.1,0.30252100840336127,0.08088235294117647,0.6776936911128086,3.1090242862701416,0.17578125,13,4.181376149877536,0.09558823529411764,[],0
flags,Random,0.2,0.30462184873949577,0.1323529411764706,0.6701171377641966,1.197984218597412,0.921875,25,20.868388424406582,0.18382352941176472,[],0
flags,Uncertainty,0.2,0.2815126050420168,0.058823529411764705,0.6929314149902384,1.2657837867736816,0,27,21.33065716445894,0.19852941176470587,[],0
flags,QBC,0.2,0.30462184873949577,0.08088235294117647,0.6754557125880654,4.070451498031616,6.8359375,21,5.159132840707021,0.15441176470588236,[],0
flags,Random,0.3,0.3025210084033613,0.11764705882352941,0.6728185213479331,1.5967109203338623,7.31640625,40,25.051497732373655,0.29411764705882354,[],0
flags,Uncertainty,0.3,0.278361344537815,0.11764705882352941,0.6966328197945844,1.6271376609802246,0,40,24.583046019537825,0.29411764705882354,[],0
flags,QBC,0.3,0.30462184873949577,0.08088235294117647,0.6754557125880654,4.1629133224487305,6.078125,21,5.044544138537881,0.15441176470588236,[],0
flags,Random,0.4,0.2930672268907562,0.08088235294117647,0.6818457686104745,1.9748907089233398,9.8828125,47,23.798785313858307,0.34558823529411764,[],0
flags,Uncertainty,0.4,0.28361344537815125,0.08088235294117647,0.6923860453272217,2.1482253074645996,0.65625,54,25.137028137766624,0.39705882352941174,[],0
flags,QBC,0.4,0.30462184873949577,0.08088235294117647,0.6754557125880654,4.126430034637451,8.7109375,21,5.089144811307836,0.15441176470588236,[],0
flags,Random,0.5,0.2846638655462184,0.1323529411764706,0.690359477124183,2.4519286155700684,11.6328125,68,27.733270686671332,0.5,[],0
flags,Uncertainty,0.5,0.27415966386554613,0.11029411764705882,0.7009310542398777,2.447969675064087,0.078125,68,27.778121883074302,0.5,[],0
flags,QBC,0.5,0.30462184873949577,0.08088235294117647,0.6754557125880654,4.1476829051971436,11.25390625,21,5.063067857402143,0.15441176470588236,[],0
emotions,NoQuery,,0.25841346153846156,0.13701923076923078,0.6323673722111223,1.969649314880371,0,0,0.0,0.0,[],0
emotions,FullSupervision,,0.21834935897435898,0.23076923076923078,0.6804037108724609,36.681533336639404,0,416,11.340856342678505,1.0,[],0
emotions,Random,0.1,0.2568108974358974,0.15384615384615385,0.6296347749472749,5.567638397216797,0.0390625,41,7.36398398654903,0.0985576923076923,[],0
emotions,Uncertainty,0.1,0.2556089743589744,0.1466346153846154,0.6222923777611277,6.359487533569336,0,41,6.447060361951567,0.0985576923076923,[],0
emotions,QBC,0.1,0.24679487179487178,0.16826923076923078,0.6514965936840937,20.213035821914673,14.3359375,41,2.028393971159365,0.0985576923076923,[],0
emotions,Random,0.2,0.24318910256410253,0.18509615384615385,0.6468554882617382,7.87194561958313,18.625,72,9.14640464752256,0.17307692307692307,[],0
emotions,Uncertainty,0.2,0.25,0.1658653846153846,0.6248133810633811,9.63230037689209,0.05078125,83,8.616840915708691,0.19951923076923078,[],0
emotions,QBC,0.2,0.23958333333333331,0.17548076923076922,0.6551456356143857,32.386069536209106,41.40234375,83,2.562830290572995,0.19951923076923078,[],0
emotions,Random,0.3,0.23597756410256407,0.19230769230769232,0.657530837218337,10.918805599212646,0.0859375,117,10.715457742780663,0.28125,[],0
emotions,Uncertainty,0.3,0.2411858974358974,0.1875,0.6431444423631922,12.240872383117676,0.1328125,124,10.129996957652944,0.2980769230769231,[],0
emotions,QBC,0.3,0.23277243589743585,0.19230769230769232,0.6684886294261294,47.040303468704224,90.65234375,124,2.636037415925619,0.2980769230769231,[],0
emotions,Random,0.4,0.22956730769230768,0.18269230769230768,0.659966856060606,15.692646265029907,0.8984375,166,10.578203140277287,0.39903846153846156,[],0
emotions,Uncertainty,0.4,0.23237179487179485,0.1971153846153846,0.6498445131257632,15.823495149612427,0.12109375,166,10.490729034922852,0.39903846153846156,[],0
emotions,QBC,0.4,0.23157051282051277,0.19230769230769232,0.6709535256410256,52.02772569656372,100.33203125,140,2.6908729552490622,0.33653846153846156,[],0
emotions,Random,0.5,0.22916666666666669,0.20192307692307693,0.6660513098013099,17.682340145111084,0.25390625,208,11.763148898451037,0.5,[],0
emotions,Uncertainty,0.5,0.2219551282051282,0.22115384615384615,0.6700999521312022,18.284637689590454,0.265625,208,11.37566975792009,0.5,[],0
emotions,QBC,0.5,0.23157051282051277,0.19230769230769232,0.6709535256410256,51.82512927055359,161.26171875,140,2.701392200473416,0.33653846153846156,[],0
scene,NoQuery,,0.27270029673590507,0.12047477744807121,0.49571246590534435,19.36436676979065,0.02734375,0,0.0,0.0,"[287, 1343, 1375]",3
scene,FullSupervision,,0.05459940652818991,0.7548961424332344,0.887782873242814,234.9071123600006,170.6484375,1685,7.173048031928886,1.0,[],0
scene,Random,0.1,0.18397626112759644,0.2083086053412463,0.5718681088117289,62.23681712150574,54.484375,152,2.442284278504289,0.09020771513353115,[1151],1
scene,Uncertainty,0.1,0.20949554896142433,0.2551928783382789,0.5715121541827775,64.91730880737305,0.26171875,168,2.5879076487674615,0.09970326409495549,"[607, 639, 671, 1343]",4
scene,QBC,0.1,0.22522255192878338,0.21186943620178042,0.5488088601144981,213.19791650772095,721.8828125,168,0.7880001960240353,0.09970326409495549,"[1151, 1183, 1279]",3
scene,Random,0.2,0.1443125618199802,0.36913946587537094,0.6728742918802266,82.2176718711853,0.78515625,327,3.977247136264426,0.1940652818991098,[927],1
scene,Uncertainty,0.2,0.22532146389713154,0.3798219584569733,0.6395399094805623,100.45250678062439,0.48828125,337,3.3548192155718475,0.2,"[927, 1151, 1183, 1343]",4
scene,QBC,0.2,0.16162215628090998,0.2599406528189911,0.6010964241824776,247.27071285247803,815.72265625,213,0.8614040762970422,0.12640949554896141,"[1151, 1503]",2
scene,Random,0.3,0.11740850642927793,0.5062314540059347,0.7513162785121242,107.6878125667572,0,505,4.689481455359151,0.2997032640949555,"[1151, 1567]",2
scene,Uncertainty,0.3,0.11503461918892187,0.5620178041543027,0.7734238527710338,128.71609330177307,12.4609375,505,3.9233633265735826,0.2997032640949555,"[927, 1535, 1567]",3
scene,QBC,0.3,0.16162215628090998,0.2599406528189911,0.6010964241824776,249.01129698753357,833.41796875,213,0.8553828785152008,0.12640949554896141,"[1151, 1503]",2
scene,Random,0.4,0.10128585558852622,0.5732937685459941,0.7921952462308546,117.1582441329956,0.25,645,5.505374417081647,0.3827893175074184,[],0
scene,Uncertainty,0.4,0.08783382789317508,0.6486646884272997,0.8262260588076612,135.1991469860077,0.26171875,628,4.64499972078222,0.37270029673590505,[927],1
scene,QBC,0.4,0.16162215628090998,0.2599406528189911,0.6010964241824776,245.60260462760925,764.484375,213,0.8672546462728179,0.12640949554896141,"[1151, 1503]",2
scene,Random,0.5,0.07734915924826904,0.6540059347181009,0.8372760243383388,134.55906677246094,1.6015625,842,6.257475027110734,0.49970326409495547,[],0
scene,Uncertainty,0.5,0.08783382789317508,0.6486646884272997,0.8262260588076612,137.29537224769592,0.26171875,628,4.574079881345302,0.37270029673590505,[927],1
scene,QBC,0.5,0.16162215628090998,0.2599406528189911,0.6010964241824776,247.87131714820862,913.34765625,213,0.8593168521900493,0.12640949554896141,"[1151, 1503]",2
birds,NoQuery,,0.08069399161620866,0.4225663716814159,0.7437935062615854,10.660696268081665,0,0,0.0,0.0,[],0
birds,FullSupervision,,0.05379599441080578,0.48008849557522126,0.7724485204648406,209.93485021591187,882.6796875,452,2.1530489079594513,1.0,[],0
birds,Random,0.1,0.06346064275733582,0.4646017699115044,0.7587514716130594,25.91797971725464,0.05859375,41,1.5819134225459963,0.09070796460176991,[],0
birds,Uncertainty,0.1,0.05286446204005589,0.4756637168141593,0.7615319620154762,49.40448975563049,146.61328125,45,0.9108483909576554,0.09955752212389381,[],0
birds,QBC,0.1,0.06718677224033535,0.4646017699115044,0.770116472319798,92.00954079627991,294.12890625,17,0.1847634479302535,0.03761061946902655,[],0
birds,Random,0.2,0.06555659059152305,0.46238938053097345,0.7568762708684657,42.11032724380493,0.12109375,80,1.8997715106041884,0.17699115044247787,[],0
birds,Uncertainty,0.2,0.05123428039124359,0.4756637168141593,0.7604627909881495,62.24041795730591,0,90,1.4460057138712645,0.19911504424778761,[],0
birds,QBC,0.2,0.06718677224033535,0.4646017699115044,0.770116472319798,87.99729609489441,361.359375,17,0.193187754106303,0.03761061946902655,[],0
birds,Random,0.3,0.05833721471821145,0.4646017699115044,0.7583974561073796,58.39017415046692,0.08203125,135,2.312032837102276,0.29867256637168144,[],0
birds,Uncertainty,0.3,0.05076851420586865,0.48672566371681414,0.7683870008620276,76.29499411582947,0,135,1.769447675623984,0.29867256637168144,[],0
birds,QBC,0.3,0.06718677224033535,0.4646017699115044,0.770116472319798,89.31103539466858,329.14453125,17,0.190346018550523,0.03761061946902655,[],0
birds,Random,0.4,0.05903586399627386,0.4579646017699115,0.7553795552253019,71.34244155883789,0.05859375,164,2.2987719009412526,0.36283185840707965,[],0
birds,Uncertainty,0.4,0.05053563111318119,0.48672566371681414,0.7709771053538108,103.90391111373901,0,180,1.7323698219883366,0.39823008849557523,[],0
birds,QBC,0.4,0.06718677224033535,0.4646017699115044,0.770116472319798,87.5478003025055,270.90234375,17,0.19417963605321428,0.03761061946902655,[],0
birds,Random,0.5,0.05740568234746157,0.4646017699115044,0.7607004477358259,97.63629603385925,0.05078125,217,2.2225341273162047,0.48008849557522126,[],0
birds,Uncertainty,0.5,0.05065207265952492,0.48672566371681414,0.7709455472470315,118.57562136650085,515.421875,187,1.5770526676981,0.413716814159292,[],0
birds,QBC,0.5,0.06718677224033535,0.4646017699115044,0.770116472319798,88.29517483711243,347.2421875,17,0.1925360024640273,0.03761061946902655,[],0
yeast,NoQuery,,0.206644714623438,0.09988179669030733,0.7181366609272194,19.25499200820923,0,0,0.0,0.0,[],0
yeast,FullSupervision,,0.20466058763931103,0.09929078014184398,0.7119744052984414,337.06888031959534,0,1692,5.019745514316577,1.0,[],0
yeast,Random,0.1,0.20664471462343803,0.10283687943262411,0.7183458984231295,48.47643327713013,0,168,3.4656015024780684,0.09929078014184398,[],0
yeast,Uncertainty,0.1,0.2079111786558595,0.09456264775413711,0.7127370655753071,69.40071773529053,152.7265625,169,2.435133317274943,0.09988179669030733,[],0
yeast,QBC,0.1,0.20584262073623774,0.10520094562647754,0.7197945825352277,192.40458822250366,1034.3671875,169,0.8783574319161362,0.09988179669030733,[],0
yeast,Random,0.2,0.20537825059101653,0.09988179669030733,0.7151873354350021,78.46272277832031,0.03125,333,4.24405358632303,0.19680851063829788,[],0
yeast,Uncertainty,0.2,0.20833333333333334,0.08392434988179669,0.7085238317058251,96.27305293083191,0,338,3.510847425217092,0.19976359338061467,[],0
yeast,QBC,0.2,0.20613812901046943,0.10520094562647754,0.7194849064342969,219.8076617717743,1209.46484375,201,0.9144358225724531,0.11879432624113476,[],0
yeast,Random,0.3,0.20504052684903745,0.1057919621749409,0.7130202014974908,109.62824654579163,0.00390625,507,4.62472050748551,0.299645390070922,[],0
yeast,Uncertainty,0.3,0.20727794663964874,0.08983451536643026,0.708061103202218,129.78080201148987,0,507,3.9065870463268815,0.299645390070922,[],0
yeast,QBC,0.3,0.20613812901046943,0.10520094562647754,0.7194849064342969,214.65572214126587,1276.31640625,201,0.9363831441107404,0.11879432624113476,[],0
yeast,Random,0.4,0.20580040526849033,0.09692671394799054,0.7094912871532894,141.016455411911,0.0078125,676,4.793766784347222,0.39952718676122934,[],0
yeast,Uncertainty,0.4,0.2059692671394799,0.09278959810874704,0.7074260492125978,159.81893730163574,124.796875,676,4.229786603599704,0.39952718676122934,[],0
yeast,QBC,0.4,0.20613812901046943,0.10520094562647754,0.7194849064342969,219.65697932243347,1176.1015625,201,0.9150631162279302,0.11879432624113476,[],0
yeast,Random,0.5,0.2049138804457953,0.10283687943262411,0.7118946186032452,172.6471230983734,0.00390625,846,4.900168533465534,0.5,[],0
yeast,Uncertainty,0.5,0.204660587639311,0.1057919621749409,0.7126423314828582,203.47132205963135,861.7734375,846,4.157834093946973,0.5,[],0
yeast,QBC,0.5,0.20613812901046943,0.10520094562647754,0.7194849064342969,217.50379180908203,1212.1484375,201,0.9241218202597197,0.11879432624113476,[],0
water-quality,NoQuery,,0.36137851366961876,0.008086253369272238,0.285989613458531,2.06023907661438,0.05078125,0,0.0,0.0,[],0
water-quality,FullSupervision,,0.3575279168271082,0.004043126684636119,0.3102544909606587,21.518950700759888,6.1875,742,34.4812351828009,1.0,[],0
water-quality,Random,0.1,0.36619175972275697,0.009433962264150943,0.28374309062750225,4.131774187088013,0.5859375,74,17.909981680812436,0.09973045822102426,[],0
water-quality,Uncertainty,0.1,0.3988255679630342,0.0,0.28587181970121844,4.895688772201538,0.0625,74,15.115339933409002,0.09973045822102426,[],0
water-quality,QBC,0.1,0.36137851366961876,0.008086253369272238,0.285989613458531,4.945506572723389,0,0,0.0,0.0,[],0
water-quality,Random,0.2,0.35897189064304963,0.009433962264150943,0.28476034778242737,5.438587665557861,0,144,26.477462322054755,0.1940700808625337,[],0
water-quality,Uncertainty,0.2,0.38120908740854836,0.004043126684636119,0.316002744269439,6.756460189819336,0,148,21.904961450525093,0.19946091644204852,[],0
water-quality,QBC,0.2,0.36137851366961876,0.008086253369272238,0.285989613458531,5.258711814880371,0,0,0.0,0.0,[],0
water-quality,Random,0.3,0.35415864458991136,0.008086253369272238,0.29477178514491814,7.256997585296631,0,215,29.626577310100046,0.28975741239892183,[],0
water-quality,Uncertainty,0.3,0.37293030419715056,0.004043126684636119,0.3092918889617996,8.226518392562866,0,222,26.985899673025436,0.2991913746630728,[],0
water-quality,QBC,0.3,0.36137851366961876,0.008086253369272238,0.285989613458531,5.610831260681152,0,0,0.0,0.0,[],0
water-quality,Random,0.4,0.3554100885637273,0.01078167115902965,0.28716297235913507,8.761293888092041,0,284,32.41530345032714,0.38274932614555257,[],0
water-quality,Uncertainty,0.4,0.3632075471698113,0.005390835579514825,0.30477873255262894,10.52634310722351,0,296,28.1199270235525,0.39892183288409705,[],0
water-quality,QBC,0.4,0.36137851366961876,0.008086253369272238,0.285989613458531,5.52255392074585,0,0,0.0,0.0,[],0
water-quality,Random,0.5,0.3572391220639199,0.004043126684636119,0.3121152009553332,11.052226305007935,0,357,32.30118440827056,0.4811320754716981,[],0
water-quality,Uncertainty,0.5,0.3629187524066231,0.005390835579514825,0.3057069387758276,11.920187711715698,0,371,31.12367094985966,0.5,[],0
water-quality,QBC,0.5,0.36137851366961876,0.008086253369272238,0.285989613458531,5.957161903381348,0,0,0.0,0.0,[],0
SynHPGrad,NoQuery,,0.2663642857142857,0.0,0.4219440825840825,140.5784788131714,113.7734375,0,0.0,0.0,"[10175, 10207, 10239, 10271, 10303, 10335, 10399, 10495, 10623, 10975]",10
SynHPGrad,FullSupervision,,0.2604392857142857,0.0132,0.4851097619840476,1586.739086151123,3608.64453125,35000,22.057816754799823,1.0,"[10175, 10207, 10239, 10271, 10303, 10335, 10399, 10463, 10591, 13055]",10
SynHPGrad,Random,0.1,0.2634357142857143,0.010714285714285714,0.465902378256664,292.4549083709717,104.2734375,3490,11.933463587395233,0.09971428571428571,"[10175, 10207, 10239, 10271, 10303, 10335, 10399, 10495, 10623, 10975]",10
SynHPGrad,Uncertainty,0.1,0.2663642857142857,0.0,0.4219440825840825,332.35061621665955,315.03515625,3500,10.531047120786285,0.1,"[10175, 10207, 10239, 10271, 10303, 10335, 10399, 10495, 10623, 10975]",10
SynHPGrad,QBC,0.1,0.2663642857142857,0.0,0.4219440825840825,618.7421314716339,12.9921875,0,0.0,0.0,"[10175, 10207, 10239, 10271, 10303, 10335, 10399, 10495, 10623, 10975]",10
SynHPGrad,Random,0.2,0.2620892857142857,0.011571428571428571,0.4803542330685188,430.09532594680786,0,6994,16.261511293115017,0.19982857142857144,"[10175, 10207, 10239, 10271, 10303, 10335, 10399, 10495, 10623, 10975]",10
SynHPGrad,Uncertainty,0.2,0.28713571428571427,0.011057142857142857,0.4877617893217893,486.7559769153595,0,7000,14.380922540201716,0.2,"[10175, 10207, 10239, 10271, 10303, 10335, 10399, 10527, 10623, 12479]",10
SynHPGrad,QBC,0.2,0.2663642857142857,0.0,0.4219440825840825,572.1277170181274,17.1484375,0,0.0,0.0,"[10175, 10207, 10239, 10271, 10303, 10335, 10399, 10495, 10623, 10975]",10
SynHPGrad,Random,0.3,0.2615821428571429,0.0126,0.48327378970236107,573.2083344459534,1001.75390625,10497,18.312713492112945,0.2999142857142857,"[10175, 10207, 10239, 10271, 10303, 10335, 10399, 10495, 10623, 10975]",10
SynHPGrad,Uncertainty,0.3,0.2857321428571429,0.012371428571428571,0.4891597374054517,617.615359544754,1509.265625,10500,17.000872529691584,0.3,"[10175, 10207, 10239, 10271, 10303, 10335, 10399, 10527, 10623, 12479]",10
SynHPGrad,QBC,0.3,0.2663642857142857,0.0,0.4219440825840825,615.6689298152924,0.015625,0,0.0,0.0,"[10175, 10207, 10239, 10271, 10303, 10335, 10399, 10495, 10623, 10975]",10
SynHPGrad,Random,0.4,0.26140714285714284,0.011514285714285715,0.48311437641723354,709.5197601318359,1386.26953125,13955,19.66823305584473,0.3987142857142857,"[10175, 10207, 10239, 10271, 10303, 10335, 10399, 10495, 10623, 11007]",10
SynHPGrad,Uncertainty,0.4,0.28625357142857144,0.013057142857142857,0.48587985982271703,771.5490965843201,1849.96484375,14000,18.14531319131677,0.4,"[10175, 10207, 10239, 10271, 10303, 10335, 10399, 10527, 10623, 12479]",10
SynHPGrad,QBC,0.4,0.2663642857142857,0.0,0.4219440825840825,560.6328494548798,0,0,0.0,0.0,"[10175, 10207, 10239, 10271, 10303, 10335, 10399, 10495, 10623, 10975]",10
SynHPGrad,Random,0.5,0.26102857142857144,0.012342857142857143,0.48689142666856955,841.7082991600037,1266.76171875,17500,20.79105079213833,0.5,"[10175, 10207, 10239, 10271, 10303, 10335, 10399, 10527, 10623, 11871]",10
SynHPGrad,Uncertainty,0.5,0.2678714285714286,0.006571428571428572,0.4706496532039389,905.6024992465973,2123.01953125,17500,19.324151616806343,0.5,"[10175, 10207, 10239, 10271, 10303, 10335, 10399, 10527, 10623, 12479]",10
SynHPGrad,QBC,0.5,0.2663642857142857,0.0,0.4219440825840825,621.0671527385712,0,0,0.0,0.0,"[10175, 10207, 10239, 10271, 10303, 10335, 10399, 10495, 10623, 10975]",10
SynHPInc,NoQuery,,0.24047857142857143,0.0005142857142857143,0.43101862708719846,133.2847878932953,0.140625,0,0.0,0.0,[],0
SynHPInc,FullSupervision,,0.24043928571428572,0.0006285714285714285,0.4312538965796108,1625.849056005478,2266.30859375,35000,21.527213655362896,1.0,[],0
SynHPInc,Random,0.1,0.24047857142857143,0.0005142857142857143,0.4310278369249797,283.11347579956055,348.87890625,3500,12.362534104444888,0.1,[],0
SynHPInc,Uncertainty,0.1,0.24047857142857143,0.0005142857142857143,0.43101862708719846,330.3114185333252,369.7421875,3500,10.596061182325988,0.1,[],0
SynHPInc,QBC,0.1,0.24047857142857143,0.0005142857142857143,0.43101862708719846,530.9403247833252,5.87890625,0,0.0,0.0,[],0
SynHPInc,Random,0.2,0.240475,0.0005142857142857143,0.43108194472194467,434.047776222229,392.796875,6924,15.952160981594265,0.19782857142857144,[],0
SynHPInc,Uncertainty,0.2,0.24048214285714287,0.0005142857142857143,0.4310175386518243,469.82920932769775,899.3046875,7000,14.899031096888702,0.2,[],0
SynHPInc,QBC,0.2,0.24047857142857143,0.0005142857142857143,0.43101862708719846,605.5692255496979,0.05859375,0,0.0,0.0,[],0
SynHPInc,Random,0.3,0.24048214285714287,0.0005142857142857143,0.43101716188573325,570.3317539691925,809.97265625,10405,18.243767645036375,0.29728571428571426,[],0
SynHPInc,Uncertainty,0.3,0.24047857142857143,0.0005714285714285715,0.431124623947481,611.3956542015076,1159.7109375,10500,17.17382177620017,0.3,[],0
SynHPInc,QBC,0.3,0.24047857142857143,0.0005142857142857143,0.43101862708719846,586.4421815872192,5.87890625,0,0.0,0.0,[],0
SynHPInc,Random,0.4,0.24047142857142856,0.0005142857142857143,0.4310832006089148,709.1466901302338,1416.35546875,13917,19.624994650181844,0.39762857142857144,[],0
SynHPInc,Uncertainty,0.4,0.2404642857142857,0.0005714285714285715,0.43115524665810373,750.4028980731964,848.78125,14000,18.65664436524391,0.4,[],0
SynHPInc,QBC,0.4,0.24047857142857143,0.0005142857142857143,0.43101862708719846,605.9974789619446,4.84375,0,0.0,0.0,[],0
SynHPInc,Random,0.5,0.2404892857142857,0.0005142857142857143,0.431015026877884,867.3488662242889,2274.3125,17465,20.1360728999716,0.499,[],0
SynHPInc,Uncertainty,0.5,0.2404642857142857,0.0005714285714285715,0.43116424718138996,889.1548092365265,2118.421875,17500,19.681612041244414,0.5,[],0
SynHPInc,QBC,0.5,0.24047857142857143,0.0005142857142857143,0.43101862708719846,535.2305200099945,0.09375,0,0.0,0.0,[],0
