Dataset,Strategy,Budget,Hamming Loss,Exact Match,F1-score,Execution Time (s),Memory Usage (MB),Queried Instances,Queries per Second,Query Rate,Drift Points,Number of Drifts
flags,PoolRandom,0.1,0.3098739495798319,0.10294117647058823,0.6670319264069263,0.7366921901702881,0.0625,13,17.646447421948398,0.09558823529411764,[],0
flags,PoolUncertainty,0.1,0.31827731092436967,0.08823529411764706,0.6570189818351583,0.7396471500396729,0,13,17.57594820625309,0.09558823529411764,[],0
flags,PoolQBC,0.1,0.3140756302521008,0.08823529411764706,0.661874257278669,2.113166093826294,0,13,6.151906392015309,0.09558823529411764,[],0
flags,PoolRandom,0.2,0.3172268907563025,0.07352941176470588,0.659890130294542,1.0059716701507568,0,27,26.83972203308044,0.19852941176470587,[],0
flags,PoolUncertainty,0.2,0.315126050420168,0.08088235294117647,0.661296526186232,0.9912807941436768,0,27,27.2374892760069,0.19852941176470587,[],0
flags,PoolQBC,0.2,0.315126050420168,0.08823529411764706,0.6600272684831507,3.759906053543091,0,27,7.1810304873327775,0.19852941176470587,[],0
flags,PoolRandom,0.3,0.3067226890756302,0.09558823529411764,0.6697436550377727,1.4652478694915771,0,40,27.299135411047896,0.29411764705882354,[],0
flags,PoolUncertainty,0.3,0.32457983193277307,0.08088235294117647,0.6518981835158305,1.6220483779907227,0,40,24.660176935998134,0.29411764705882354,[],0
flags,PoolQBC,0.3,0.30882352941176466,0.10294117647058823,0.6676154931669638,4.635541200637817,0,40,8.628981659033963,0.29411764705882354,[],0
flags,PoolRandom,0.4,0.3077731092436974,0.11029411764705882,0.6685988031576267,1.813448429107666,0.00390625,54,29.777521727800934,0.39705882352941174,[],0
flags,PoolUncertainty,0.4,0.31827731092436967,0.07352941176470588,0.6585800229182581,1.8919198513031006,0,54,28.54243532716586,0.39705882352941174,[],0
flags,PoolQBC,0.4,0.3098739495798319,0.10294117647058823,0.665311465495289,6.271442174911499,0,54,8.610459682786127,0.39705882352941174,[],0
flags,PoolRandom,0.5,0.30882352941176466,0.11029411764705882,0.6675364463967405,2.1348085403442383,0,68,31.852973564100033,0.5,[],0
flags,PoolUncertainty,0.5,0.3140756302521008,0.08088235294117647,0.660841344113403,2.1996405124664307,0,68,30.914142385817584,0.5,[],0
flags,PoolQBC,0.5,0.3109243697478991,0.10294117647058823,0.6639750976148034,7.2699761390686035,0,68,9.353538264667792,0.5,[],0
emotions,PoolRandom,0.1,0.24759615384615385,0.15865384615384615,0.6328329656454657,4.931840419769287,0,41,8.31332656986456,0.0985576923076923,[],0
emotions,PoolUncertainty,0.1,0.2423878205128205,0.15144230769230768,0.6459765928515928,5.887994050979614,0,41,6.963322252878063,0.0985576923076923,[],0
emotions,PoolQBC,0.1,0.2556089743589744,0.12980769230769232,0.6186755085192585,17.825413703918457,0,41,2.300086869287483,0.0985576923076923,[],0
emotions,PoolRandom,0.2,0.24479166666666669,0.17307692307692307,0.6351557296869796,7.877133131027222,0,83,10.536828389134556,0.19951923076923078,[],0
emotions,PoolUncertainty,0.2,0.24519230769230768,0.15865384615384615,0.6364468864468864,8.727771043777466,0,83,9.509873664614004,0.19951923076923078,[],0
emotions,PoolQBC,0.2,0.24198717948717946,0.16826923076923078,0.6441688519813519,28.740795612335205,0,83,2.887881084418463,0.19951923076923078,[],0
emotions,PoolRandom,0.3,0.2399839743589744,0.17067307692307693,0.6506392912642911,9.407455444335938,0,116,12.33064569759313,0.27884615384615385,[],0
emotions,PoolUncertainty,0.3,0.24679487179487178,0.16346153846153846,0.6384122821622822,10.799924850463867,0,116,10.740815478453786,0.27884615384615385,[],0
emotions,PoolQBC,0.3,0.23197115384615385,0.21153846153846154,0.6632401452713952,37.043006896972656,0,116,3.1314952461237726,0.27884615384615385,[],0
emotions,PoolRandom,0.4,0.24519230769230768,0.17307692307692307,0.6351552093739593,12.086469173431396,0,152,12.576046636856361,0.36538461538461536,[],0
emotions,PoolUncertainty,0.4,0.23918269230769232,0.16105769230769232,0.6424560682373183,12.83749508857727,0,152,11.840316117063113,0.36538461538461536,[],0
emotions,PoolQBC,0.4,0.234775641025641,0.19951923076923078,0.6604288940226439,47.903515100479126,0,152,3.17304481061933,0.36538461538461536,[],0
emotions,PoolRandom,0.5,0.22916666666666663,0.22115384615384615,0.6720409798534799,15.654510021209717,768.578125,184,11.753801284786634,0.4423076923076923,[],0
emotions,PoolUncertainty,0.5,0.23677884615384615,0.17548076923076922,0.6493886322011322,15.603775978088379,1.74609375,184,11.7920175384716,0.4423076923076923,[],0
emotions,PoolQBC,0.5,0.23517628205128205,0.18028846153846154,0.6589005612443113,63.023202657699585,0,184,2.919559658041602,0.4423076923076923,[],0
scene,PoolRandom,0.1,0.2187932739861523,0.11572700296735905,0.5062996433174475,61.16291427612305,0.125,168,2.746762511046409,0.09970326409495549,[991],1
scene,PoolUncertainty,0.1,0.18971315529179028,0.21008902077151334,0.5805173395677846,80.97467541694641,0.1015625,168,2.074722734422235,0.09970326409495549,"[1343, 1439]",2
scene,PoolQBC,0.1,0.21790306627101877,0.1406528189910979,0.5218940143272487,203.70514130592346,739.11328125,168,0.8247214524040822,0.09970326409495549,"[959, 1183]",2
scene,PoolRandom,0.2,0.2036597428288823,0.22314540059347182,0.5819090009891197,86.85547184944153,0,337,3.8800088563696735,0.2,[991],1
scene,PoolUncertainty,0.2,0.20286844708209692,0.21008902077151334,0.5695838203998441,108.06283926963806,0,337,3.1185558539612184,0.2,"[991, 1183]",2
scene,PoolQBC,0.2,0.19495548961424333,0.22729970326409496,0.586151425231544,321.56010341644287,1196.1953125,337,1.0480155853276405,0.2,"[959, 991]",2
scene,PoolRandom,0.3,0.18358061325420377,0.3080118694362018,0.6299192433020327,111.63678073883057,0.89453125,505,4.523598733838678,0.2997032640949555,[991],1
scene,PoolUncertainty,0.3,0.1865479723046489,0.26884272997032643,0.6077293708599346,138.67743253707886,83.484375,505,3.64154419908932,0.2997032640949555,"[1567, 1599]",2
scene,PoolQBC,0.3,0.16666666666666666,0.34540059347181007,0.6532026496418188,430.82744455337524,1366.05078125,505,1.17216302346643,0.2997032640949555,"[959, 991, 1599]",3
scene,PoolRandom,0.4,0.16904055390702274,0.3632047477744807,0.6542557623714894,131.52391934394836,0,674,5.124543150492815,0.4,"[383, 991, 1599]",3
scene,PoolUncertainty,0.4,0.1675568743818002,0.35252225519287833,0.6505040014387196,156.5618290901184,0,674,4.305008468009399,0.4,[1599],1
scene,PoolQBC,0.4,0.14985163204747776,0.40415430267062313,0.6808025357431885,518.244181394577,1588.0390625,674,1.3005452336894348,0.4,"[991, 1599]",2
scene,PoolRandom,0.5,0.16815034619188923,0.36913946587537094,0.6571126697239457,147.32300925254822,0,842,5.715332616893556,0.49970326409495547,"[1567, 1599]",2
scene,PoolUncertainty,0.5,0.1652818991097923,0.3661721068249258,0.6556198483349819,183.12378668785095,0,842,4.597982682802731,0.49970326409495547,"[1567, 1599]",2
scene,PoolQBC,0.5,0.1499505440158259,0.41780415430267065,0.6833457722626862,603.5229699611664,1767.421875,842,1.3951415967716663,0.49970326409495547,"[351, 1599]",2
birds,PoolRandom,0.1,0.07021425244527246,0.4491150442477876,0.7512015585975554,29.002568006515503,0,45,1.5515867419012908,0.09955752212389381,[],0
birds,PoolUncertainty,0.1,0.06718677224033534,0.43805309734513276,0.7462983450572038,46.37294936180115,0,45,0.9703933137595063,0.09955752212389381,[],0
birds,PoolQBC,0.1,0.061481136469492305,0.4756637168141593,0.7685849887806264,136.04412293434143,566.2265625,45,0.3307750384904037,0.09955752212389381,[],0
birds,PoolRandom,0.2,0.06450861667442943,0.4690265486725664,0.7588702610213348,41.29695129394531,0,90,2.1793376309886394,0.19911504424778761,[],0
birds,PoolUncertainty,0.2,0.059967396367023744,0.4646017699115044,0.7604948483468521,60.79390573501587,0,90,1.4804115463856784,0.19911504424778761,[],0
birds,PoolQBC,0.2,0.05950163018164881,0.4668141592920354,0.7543795349473483,185.1660487651825,926.89453125,90,0.48605022681092636,0.19911504424778761,[],0
birds,PoolRandom,0.3,0.06427573358174196,0.46017699115044247,0.7584749307748418,60.770217180252075,0.03515625,135,2.221482928052949,0.29867256637168144,[],0
birds,PoolUncertainty,0.3,0.05787144853283651,0.4778761061946903,0.7651059957675314,80.88468670845032,0,135,1.6690427507818493,0.29867256637168144,[],0
birds,PoolQBC,0.3,0.05950163018164881,0.46017699115044247,0.7526245355881004,260.1596894264221,1158.546875,135,0.5189120585807758,0.29867256637168144,[],0
birds,PoolRandom,0.4,0.06148113646949231,0.4646017699115044,0.7545931980053592,80.56937217712402,0,180,2.2340995732756523,0.39823008849557523,[],0
birds,PoolUncertainty,0.4,0.05507685142058686,0.48451327433628316,0.7665672958500763,101.52855205535889,0,180,1.772900296084733,0.39823008849557523,[],0
birds,PoolQBC,0.4,0.057172799254774094,0.46238938053097345,0.75732529277539,336.1549446582794,1805.80078125,180,0.535467357717972,0.39823008849557523,[],0
birds,PoolRandom,0.5,0.0607824871914299,0.4668141592920354,0.7609345776760784,96.60480642318726,0.0078125,226,2.339428113027667,0.5,[],0
birds,PoolUncertainty,0.5,0.05449464368886818,0.4911504424778761,0.7726969695436342,122.43256688117981,0,226,1.845914087706189,0.5,[],0
birds,PoolQBC,0.5,0.05682347461574289,0.4756637168141593,0.7618848797408999,418.36037731170654,2189.90234375,226,0.540204121270344,0.5,[],0
yeast,PoolRandom,0.1,0.20715130023640663,0.09574468085106383,0.7114369472438673,49.960211992263794,0,169,3.3826918113591913,0.09988179669030733,[],0
yeast,PoolUncertainty,0.1,0.20930428909152313,0.09397163120567376,0.7105466377999275,65.86979627609253,0,169,2.5656675677519685,0.09988179669030733,[],0
yeast,PoolQBC,0.1,0.20630699088145896,0.09397163120567376,0.7136076009971273,190.34420251846313,997.625,169,0.8878652344749361,0.09988179669030733,[],0
yeast,PoolRandom,0.2,0.20740459304289088,0.09810874704491726,0.713269138508758,78.31428670883179,0,338,4.315943031654817,0.19976359338061467,[],0
yeast,PoolUncertainty,0.2,0.20816447146234376,0.10520094562647754,0.717456700277434,97.28541278839111,0,338,3.47431326354338,0.19976359338061467,[],0
yeast,PoolQBC,0.2,0.20710908476865925,0.10224586288416075,0.7105804259575887,306.249076128006,1910.41796875,338,1.103676798877012,0.19976359338061467,[],0
yeast,PoolRandom,0.3,0.2103174603174603,0.08687943262411348,0.7007962395462621,107.72700881958008,0.0625,507,4.7063406434046415,0.299645390070922,[],0
yeast,PoolUncertainty,0.3,0.2074045930428909,0.10106382978723404,0.7098988359044991,125.89914894104004,0,507,4.027032781908905,0.299645390070922,[],0
yeast,PoolQBC,0.3,0.2058426207362377,0.10933806146572105,0.712369949056424,428.7662811279297,2757.828125,507,1.1824623864224248,0.299645390070922,[],0
yeast,PoolRandom,0.4,0.2059692671394799,0.09633569739952719,0.7115720747971641,136.21838760375977,0.43359375,676,4.962619304864989,0.39952718676122934,[],0
yeast,PoolUncertainty,0.4,0.20660249915569062,0.09515366430260047,0.7104205190766647,154.80319166183472,0,676,4.366835029323633,0.39952718676122934,[],0
yeast,PoolQBC,0.4,0.20533603512326914,0.09869976359338062,0.7126447710945912,555.6931595802307,3104.23046875,676,1.2164986887919382,0.39952718676122934,[],0
yeast,PoolRandom,0.5,0.20727794663964874,0.09988179669030733,0.7067966736292763,164.98970341682434,0.08203125,846,5.127592707180608,0.5,[],0
yeast,PoolUncertainty,0.5,0.20715130023640663,0.09574468085106383,0.7124973651966647,187.38431549072266,0,846,4.514785550671584,0.5,[],0
yeast,PoolQBC,0.5,0.20605369807497464,0.10047281323877069,0.7111363778954136,660.5609905719757,3206.09375,846,1.2807295799702823,0.5,[],0
water-quality,PoolRandom,0.1,0.36975356180207936,0.006738544474393531,0.28330362842249107,3.993082284927368,0,74,18.5320498601611,0.09973045822102426,[],0
water-quality,PoolUncertainty,0.1,0.36089718906430496,0.01078167115902965,0.2872549293288785,4.423737049102783,0,74,16.727938206681745,0.09973045822102426,[],0
water-quality,PoolQBC,0.1,0.3566615325375433,0.008086253369272238,0.287178927833449,13.946867942810059,0.3359375,74,5.305850769035836,0.09973045822102426,[],0
water-quality,PoolRandom,0.2,0.3570465922217943,0.008086253369272238,0.28140397586058197,5.134397268295288,0,148,28.82519451969455,0.19946091644204852,[],0
water-quality,PoolUncertainty,0.2,0.3611859838274933,0.01078167115902965,0.2823719876534201,6.078820466995239,0,148,24.346828599982718,0.19946091644204852,[],0
water-quality,PoolQBC,0.2,0.36465152098575276,0.008086253369272238,0.27712521739858603,20.842271327972412,0,148,7.100953522343278,0.19946091644204852,[],0
water-quality,PoolRandom,0.3,0.3599345398536773,0.01078167115902965,0.28156171615341874,6.82778263092041,0,222,32.514216107971436,0.2991913746630728,[],0
water-quality,PoolUncertainty,0.3,0.35762418174817096,0.01078167115902965,0.28369621007073526,7.200943470001221,0,222,30.82929353977589,0.2991913746630728,[],0
water-quality,PoolQBC,0.3,0.3588756257219869,0.013477088948787063,0.2889602276283329,23.23212766647339,0,222,9.555732612487807,0.2991913746630728,[],0
water-quality,PoolRandom,0.4,0.36147477859068156,0.0013477088948787063,0.2865510381775671,8.760449886322021,0,296,33.78821908018155,0.39892183288409705,[],0
water-quality,PoolUncertainty,0.4,0.35964574509048897,0.005390835579514825,0.27567820018350425,8.699023962020874,0,296,34.02680591435411,0.39892183288409705,[],0
water-quality,PoolQBC,0.4,0.3581055063534847,0.009433962264150943,0.28731548752116437,29.34478259086609,0.00390625,296,10.086971988408376,0.39892183288409705,[],0
water-quality,PoolRandom,0.5,0.36253369272237196,0.009433962264150943,0.27834849690179336,9.828603982925415,0,371,37.74696799713508,0.5,[],0
water-quality,PoolUncertainty,0.5,0.3625336927223719,0.0026954177897574125,0.2791452817097943,10.452548265457153,0,371,35.49373708476953,0.5,[],0
water-quality,PoolQBC,0.5,0.3631112822487485,0.009433962264150943,0.2957923357654959,36.12438178062439,0,371,10.270071948995648,0.5,[],0
SynHPGrad,PoolRandom,0.1,0.26368928571428574,0.012428571428571428,0.4652275204160918,283.78867769241333,352.3828125,3500,12.333120646178504,0.1,"[10175, 10207, 10239, 10271, 10303, 10335, 10399, 10495, 10623, 10975]",10
SynHPGrad,PoolUncertainty,0.1,0.26327142857142855,0.010914285714285715,0.46927589553303833,340.82427763938904,364.109375,3500,10.269221501008193,0.1,"[10175, 10207, 10239, 10271, 10303, 10335, 10399, 10495, 10623, 10975]",10
SynHPGrad,PoolQBC,0.1,0.26302857142857144,0.010285714285714285,0.4655294343751486,1147.8323550224304,24.30078125,3500,3.049225772984596,0.1,"[10175, 10207, 10239, 10271, 10303, 10335, 10399, 10495, 10623, 10975]",10
SynHPGrad,PoolRandom,0.2,0.26245,0.009942857142857142,0.4701282025910597,430.7134051322937,118.8515625,7000,16.25210619541769,0.2,"[10175, 10207, 10239, 10271, 10303, 10335, 10399, 10495, 10623, 10975]",10
SynHPGrad,PoolUncertainty,0.2,0.2628035714285714,0.012828571428571429,0.47776797107654256,487.35954308509827,720.60546875,7000,14.363112612278783,0.2,"[10175, 10207, 10239, 10271, 10303, 10335, 10399, 10495, 10623, 10975]",10
SynHPGrad,PoolQBC,0.2,0.2624107142857143,0.012628571428571428,0.480255762015762,1746.1543011665344,0.70703125,7000,4.008809528071824,0.2,"[10175, 10207, 10239, 10271, 10303, 10335, 10399, 10495, 10623, 10975]",10
SynHPGrad,PoolRandom,0.3,0.2619142857142857,0.0108,0.4795322480693909,579.1491839885712,1129.91796875,10500,18.130043674907785,0.3,"[10175, 10207, 10239, 10271, 10303, 10335, 10399, 10495, 10623, 10975]",10
SynHPGrad,PoolUncertainty,0.3,0.26206071428571426,0.012342857142857143,0.48548598132026705,617.7615301609039,970.23046875,10500,16.996849896537164,0.3,"[10175, 10207, 10239, 10271, 10303, 10335, 10399, 10495, 10623, 10943]",10
SynHPGrad,PoolQBC,0.3,0.26222142857142855,0.011114285714285714,0.4827780245151673,2295.7634057998657,0,10500,4.573642028387372,0.3,"[10175, 10207, 10239, 10271, 10303, 10335, 10399, 10495, 10623, 11007]",10
SynHPGrad,PoolRandom,0.4,0.2619642857142857,0.011114285714285714,0.47907020091020097,719.7438404560089,1386.66796875,14000,19.45136479546668,0.4,"[10175, 10207, 10239, 10271, 10303, 10335, 10399, 10495, 10591, 11039]",10
SynHPGrad,PoolUncertainty,0.4,0.2619214285714286,0.012685714285714286,0.4847578605521462,770.6943230628967,1491.69140625,14000,18.16543807454185,0.4,"[10175, 10207, 10239, 10271, 10303, 10335, 10399, 10495, 10623, 11039]",10
SynHPGrad,PoolQBC,0.4,0.26155357142857144,0.012085714285714286,0.4849216700759558,2948.390137910843,37.60546875,14000,4.7483539644180395,0.4,"[10175, 10207, 10239, 10271, 10303, 10335, 10399, 10495, 10623, 10975]",10
SynHPGrad,PoolRandom,0.5,0.2614714285714286,0.012628571428571428,0.48231837876409306,869.5449559688568,1869.23828125,17500,20.125468936222283,0.5,"[10175, 10207, 10239, 10271, 10303, 10335, 10399, 10495, 10623, 10975]",10
SynHPGrad,PoolUncertainty,0.5,0.261175,0.012885714285714285,0.4884253441796299,913.4183325767517,1726.14453125,17500,19.158800930382608,0.5,"[10175, 10207, 10239, 10271, 10303, 10335, 10399, 10495, 10623, 11039]",10
SynHPGrad,PoolQBC,0.5,0.2613964285714286,0.0116,0.48464879263593547,3648.151158094406,0,17500,4.796950356942183,0.5,"[10175, 10207, 10239, 10271, 10303, 10335, 10399, 10463, 10623, 11039]",10
SynHPInc,PoolRandom,0.1,0.24047857142857143,0.0005142857142857143,0.43101862708719846,295.26386737823486,0.01171875,3500,11.853803958736604,0.1,[],0
SynHPInc,PoolUncertainty,0.1,0.24047857142857143,0.0005142857142857143,0.43101862708719846,346.2054030895233,329.51953125,3500,10.109605363654461,0.1,[],0
SynHPInc,PoolQBC,0.1,0.24047857142857143,0.0005142857142857143,0.43101862708719846,1202.433667421341,7.2421875,3500,2.9107634748001248,0.1,[],0
SynHPInc,PoolRandom,0.2,0.24047857142857143,0.0005142857142857143,0.43101862708719846,434.360657453537,367.546875,7000,16.115640032957593,0.2,[],0
SynHPInc,PoolUncertainty,0.2,0.24047857142857143,0.0005142857142857143,0.43101862708719846,480.87354493141174,554.82421875,7000,14.556841551760616,0.2,[],0
SynHPInc,PoolQBC,0.2,0.240475,0.0005142857142857143,0.43104784739070445,1787.8391845226288,28.00390625,7000,3.915340966122225,0.2,[],0
SynHPInc,PoolRandom,0.3,0.24049285714285715,0.0006,0.43107392797678507,573.091964006424,783.6796875,10500,18.32166678205647,0.3,[],0
SynHPInc,PoolUncertainty,0.3,0.24048571428571427,0.0005142857142857143,0.43101628276485415,626.6433701515198,1048.5078125,10500,16.755942055943468,0.3,[],0
